40496 39661 38832 38013 37202 36400 35608 34828 34058 33301 32557 31827 31112 30413 29732 29068 28425 27802 27202 26627 26076 25553 25059 24596 24166 23769 23409 23086 22803 22561 22360 22203 22090 22022 22000 22022 22090 22203 22360 22561 22803 23086 23409 23769 24166 24596 25059 25553 26076 26627 27202 27802 28425 29068 29732 30413 31112 31827 32557 33301 34058 34828 35608 36400 37202 38013 38832 39661 40496 
39962 39115 38275 37443 36619 35805 35000 34205 33421 32649 31890 31144 30413 29698 29000 28319 27658 27018 26400 25806 25238 24698 24186 23706 23259 22847 22472 22135 21840 21587 21377 21213 21095 21023 21000 21023 21095 21213 21377 21587 21840 22135 22472 22847 23259 23706 24186 24698 25238 25806 26400 27018 27658 28319 29000 29698 30413 31144 31890 32649 33421 34205 35000 35805 36619 37443 38275 39115 39962 
39446 38587 37735 36891 36055 35227 34409 33600 32802 32015 31241 30479 29732 29000 28284 27586 26907 26248 25612 25000 24413 23853 23323 22825 22360 21931 21540 21189 20880 20615 20396 20223 20099 20024 20000 20024 20099 20223 20396 20615 20880 21189 21540 21931 22360 22825 23323 23853 24413 25000 25612 26248 26907 27586 28284 29000 29732 30479 31241 32015 32802 33600 34409 35227 36055 36891 37735 38587 39446 
38948 38078 37215 36359 35510 34669 33837 33015 32202 31400 30610 29832 29068 28319 27586 26870 26172 25495 24839 24207 23600 23021 22472 21954 21470 21023 20615 20248 19924 19646 19416 19235 19104 19026 19000 19026 19104 19235 19416 19646 19924 20248 20615 21023 21470 21954 22472 23021 23600 24207 24839 25495 26172 26870 27586 28319 29068 29832 30610 31400 32202 33015 33837 34669 35510 36359 37215 38078 38948 
38470 37589 36715 35846 34985 34132 33286 32449 31622 30805 30000 29206 28425 27658 26907 26172 25455 24758 24083 23430 22803 22203 21633 21095 20591 20124 19697 19313 18973 18681 18439 18248 18110 18027 18000 18027 18110 18248 18439 18681 18973 19313 19697 20124 20591 21095 21633 22203 22803 23430 24083 24758 25455 26172 26907 27658 28425 29206 30000 30805 31622 32449 33286 34132 34985 35846 36715 37589 38470 
38013 37121 36235 35355 34481 33615 32756 31906 31064 30232 29410 28600 27802 27018 26248 25495 24758 24041 23345 22671 22022 21400 20808 20248 19723 19235 18788 18384 18027 17720 17464 17262 17117 17029 17000 17029 17117 17262 17464 17720 18027 18384 18788 19235 19723 20248 20808 21400 22022 22671 23345 24041 24758 25495 26248 27018 27802 28600 29410 30232 31064 31906 32756 33615 34481 35355 36235 37121 38013 
37576 36674 35777 34885 34000 33120 32249 31384 30528 29681 28844 28017 27202 26400 25612 24839 24083 23345 22627 21931 21260 20615 20000 19416 18867 18357 17888 17464 17088 16763 16492 16278 16124 16031 16000 16031 16124 16278 16492 16763 17088 17464 17888 18357 18867 19416 20000 20615 21260 21931 22627 23345 24083 24839 25612 26400 27202 28017 28844 29681 30528 31384 32249 33120 34000 34885 35777 36674 37576 
37161 36249 35341 34438 33541 32649 31764 30886 30016 29154 28301 27459 26627 25806 25000 24207 23430 22671 21931 21213 20518 19849 19209 18601 18027 17492 17000 16552 16155 15811 15524 15297 15132 15033 15000 15033 15132 15297 15524 15811 16155 16552 17000 17492 18027 18601 19209 19849 20518 21213 21931 22671 23430 24207 25000 25806 26627 27459 28301 29154 30016 30886 31764 32649 33541 34438 35341 36249 37161 
36769 35846 34928 34014 33105 32202 31304 30413 29529 28653 27784 26925 26076 25238 24413 23600 22803 22022 21260 20518 19798 19104 18439 17804 17204 16643 16124 15652 15231 14866 14560 14317 14142 14035 14000 14035 14142 14317 14560 14866 15231 15652 16124 16643 17204 17804 18439 19104 19798 20518 21260 22022 22803 23600 24413 25238 26076 26925 27784 28653 29529 30413 31304 32202 33105 34014 34928 35846 36769 
36400 35468 34539 33615 32695 31780 30870 29966 29068 28178 27294 26419 25553 24698 23853 23021 22203 21400 20615 19849 19104 18384 17691 17029 16401 15811 15264 14764 14317 13928 13601 13341 13152 13038 13000 13038 13152 13341 13601 13928 14317 14764 15264 15811 16401 17029 17691 18384 19104 19849 20615 21400 22203 23021 23853 24698 25553 26419 27294 28178 29068 29966 30870 31780 32695 33615 34539 35468 36400 
36055 35114 34176 33241 32310 31384 30463 29546 28635 27730 26832 25942 25059 24186 23323 22472 21633 20808 20000 19209 18439 17691 16970 16278 15620 15000 14422 13892 13416 13000 12649 12369 12165 12041 12000 12041 12165 12369 12649 13000 13416 13892 14422 15000 15620 16278 16970 17691 18439 19209 20000 20808 21633 22472 23323 24186 25059 25942 26832 27730 28635 29546 30463 31384 32310 33241 34176 35114 36055 
35735 34785 33837 32893 31953 31016 30083 29154 28231 27313 26400 25495 24596 23706 22825 21954 21095 20248 19416 18601 17804 17029 16278 15556 14866 14212 13601 13038 12529 12083 11704 11401 11180 11045 11000 11045 11180 11401 11704 12083 12529 13038 13601 14212 14866 15556 16278 17029 17804 18601 19416 20248 21095 21954 22825 23706 24596 25495 26400 27313 28231 29154 30083 31016 31953 32893 33837 34785 35735 
35440 34481 33526 32572 31622 30675 29732 28792 27856 26925 26000 25079 24166 23259 22360 21470 20591 19723 18867 18027 17204 16401 15620 14866 14142 13453 12806 12206 11661 11180 10770 10440 10198 10049 10000 10049 10198 10440 10770 11180 11661 12206 12806 13453 14142 14866 15620 16401 17204 18027 18867 19723 20591 21470 22360 23259 24166 25079 26000 26925 27856 28792 29732 30675 31622 32572 33526 34481 35440 
35171 34205 33241 32280 31320 30364 29410 28460 27513 26570 25632 24698 23769 22847 21931 21023 20124 19235 18357 17492 16643 15811 15000 14212 13453 12727 12041 11401 10816 10295 9848 9486 9219 9055 9000 9055 9219 9486 9848 10295 10816 11401 12041 12727 13453 14212 15000 15811 16643 17492 18357 19235 20124 21023 21931 22847 23769 24698 25632 26570 27513 28460 29410 30364 31320 32280 33241 34205 35171 
34928 33955 32984 32015 31048 30083 29120 28160 27202 26248 25298 24351 23409 22472 21540 20615 19697 18788 17888 17000 16124 15264 14422 13601 12806 12041 11313 10630 10000 9433 8944 8544 8246 8062 8000 8062 8246 8544 8944 9433 10000 10630 11313 12041 12806 13601 14422 15264 16124 17000 17888 18788 19697 20615 21540 22472 23409 24351 25298 26248 27202 28160 29120 30083 31048 32015 32984 33955 34928 
34713 33734 32756 31780 30805 29832 28861 27892 26925 25961 25000 24041 23086 22135 21189 20248 19313 18384 17464 16552 15652 14764 13892 13038 12206 11401 10630 9899 9219 8602 8062 7615 7280 7071 7000 7071 7280 7615 8062 8602 9219 9899 10630 11401 12206 13038 13892 14764 15652 16552 17464 18384 19313 20248 21189 22135 23086 24041 25000 25961 26925 27892 28861 29832 30805 31780 32756 33734 34713 
34525 33541 32557 31575 30594 29614 28635 27658 26683 25709 24738 23769 22803 21840 20880 19924 18973 18027 17088 16155 15231 14317 13416 12529 11661 10816 10000 9219 8485 7810 7211 6708 6324 6082 6000 6082 6324 6708 7211 7810 8485 9219 10000 10816 11661 12529 13416 14317 15231 16155 17088 18027 18973 19924 20880 21840 22803 23769 24738 25709 26683 27658 28635 29614 30594 31575 32557 33541 34525 
34365 33376 32388 31400 30413 29427 28442 27459 26476 25495 24515 23537 22561 21587 20615 19646 18681 17720 16763 15811 14866 13928 13000 12083 11180 10295 9433 8602 7810 7071 6403 5830 5385 5099 5000 5099 5385 5830 6403 7071 7810 8602 9433 10295 11180 12083 13000 13928 14866 15811 16763 17720 18681 19646 20615 21587 22561 23537 24515 25495 26476 27459 28442 29427 30413 31400 32388 33376 34365 
34234 33241 32249 31257 30265 29274 28284 27294 26305 25317 24331 23345 22360 21377 20396 19416 18439 17464 16492 15524 14560 13601 12649 11704 10770 9848 8944 8062 7211 6403 5656 5000 4472 4123 4000 4123 4472 5000 5656 6403 7211 8062 8944 9848 10770 11704 12649 13601 14560 15524 16492 17464 18439 19416 20396 21377 22360 23345 24331 25317 26305 27294 28284 29274 30265 31257 32249 33241 34234 
34132 33136 32140 31144 30149 29154 28160 27166 26172 25179 24186 23194 22203 21213 20223 19235 18248 17262 16278 15297 14317 13341 12369 11401 10440 9486 8544 7615 6708 5830 5000 4242 3605 3162 3000 3162 3605 4242 5000 5830 6708 7615 8544 9486 10440 11401 12369 13341 14317 15297 16278 17262 18248 19235 20223 21213 22203 23194 24186 25179 26172 27166 28160 29154 30149 31144 32140 33136 34132 
34058 33060 32062 31064 30066 29068 28071 27073 26076 25079 24083 23086 22090 21095 20099 19104 18110 17117 16124 15132 14142 13152 12165 11180 10198 9219 8246 7280 6324 5385 4472 3605 2828 2236 2000 2236 2828 3605 4472 5385 6324 7280 8246 9219 10198 11180 12165 13152 14142 15132 16124 17117 18110 19104 20099 21095 22090 23086 24083 25079 26076 27073 28071 29068 30066 31064 32062 33060 34058 
34014 33015 32015 31016 30016 29017 28017 27018 26019 25019 24020 23021 22022 21023 20024 19026 18027 17029 16031 15033 14035 13038 12041 11045 10049 9055 8062 7071 6082 5099 4123 3162 2236 1414 1000 1414 2236 3162 4123 5099 6082 7071 8062 9055 10049 11045 12041 13038 14035 15033 16031 17029 18027 19026 20024 21023 22022 23021 24020 25019 26019 27018 28017 29017 30016 31016 32015 33015 34014 
34000 33000 32000 31000 30000 29000 28000 27000 26000 25000 24000 23000 22000 21000 20000 19000 18000 17000 16000 15000 14000 13000 12000 11000 10000 9000 8000 7000 6000 5000 4000 3000 2000 1000    0 1000 2000 3000 4000 5000 6000 7000 8000 9000 10000 11000 12000 13000 14000 15000 16000 17000 18000 19000 20000 21000 22000 23000 24000 25000 26000 27000 28000 29000 30000 31000 32000 33000 34000 
34014 33015 32015 31016 30016 29017 28017 27018 26019 25019 24020 23021 22022 21023 20024 19026 18027 17029 16031 15033 14035 13038 12041 11045 10049 9055 8062 7071 6082 5099 4123 3162 2236 1414 1000 1414 2236 3162 4123 5099 6082 7071 8062 9055 10049 11045 12041 13038 14035 15033 16031 17029 18027 19026 20024 21023 22022 23021 24020 25019 26019 27018 28017 29017 30016 31016 32015 33015 34014 
34058 33060 32062 31064 30066 29068 28071 27073 26076 25079 24083 23086 22090 21095 20099 19104 18110 17117 16124 15132 14142 13152 12165 11180 10198 9219 8246 7280 6324 5385 4472 3605 2828 2236 2000 2236 2828 3605 4472 5385 6324 7280 8246 9219 10198 11180 12165 13152 14142 15132 16124 17117 18110 19104 20099 21095 22090 23086 24083 25079 26076 27073 28071 29068 30066 31064 32062 33060 34058 
34132 33136 32140 31144 30149 29154 28160 27166 26172 25179 24186 23194 22203 21213 20223 19235 18248 17262 16278 15297 14317 13341 12369 11401 10440 9486 8544 7615 6708 5830 5000 4242 3605 3162 3000 3162 3605 4242 5000 5830 6708 7615 8544 9486 10440 11401 12369 13341 14317 15297 16278 17262 18248 19235 20223 21213 22203 23194 24186 25179 26172 27166 28160 29154 30149 31144 32140 33136 34132 
34234 33241 32249 31257 30265 29274 28284 27294 26305 25317 24331 23345 22360 21377 20396 19416 18439 17464 16492 15524 14560 13601 12649 11704 10770 9848 8944 8062 7211 6403 5656 5000 4472 4123 4000 4123 4472 5000 5656 6403 7211 8062 8944 9848 10770 11704 12649 13601 14560 15524 16492 17464 18439 19416 20396 21377 22360 23345 24331 25317 26305 27294 28284 29274 30265 31257 32249 33241 34234 
34365 33376 32388 31400 30413 29427 28442 27459 26476 25495 24515 23537 22561 21587 20615 19646 18681 17720 16763 15811 14866 13928 13000 12083 11180 10295 9433 8602 7810 7071 6403 5830 5385 5099 5000 5099 5385 5830 6403 7071 7810 8602 9433 10295 11180 12083 13000 13928 14866 15811 16763 17720 18681 19646 20615 21587 22561 23537 24515 25495 26476 27459 28442 29427 30413 31400 32388 33376 34365 
34525 33541 32557 31575 30594 29614 28635 27658 26683 25709 24738 23769 22803 21840 20880 19924 18973 18027 17088 16155 15231 14317 13416 12529 11661 10816 10000 9219 8485 7810 7211 6708 6324 6082 6000 6082 6324 6708 7211 7810 8485 9219 10000 10816 11661 12529 13416 14317 15231 16155 17088 18027 18973 19924 20880 21840 22803 23769 24738 25709 26683 27658 28635 29614 30594 31575 32557 33541 34525 
34713 33734 32756 31780 30805 29832 28861 27892 26925 25961 25000 24041 23086 22135 21189 20248 19313 18384 17464 16552 15652 14764 13892 13038 12206 11401 10630 9899 9219 8602 8062 7615 7280 7071 7000 7071 7280 7615 8062 8602 9219 9899 10630 11401 12206 13038 13892 14764 15652 16552 17464 18384 19313 20248 21189 22135 23086 24041 25000 25961 26925 27892 28861 29832 30805 31780 32756 33734 34713 
34928 33955 32984 32015 31048 30083 29120 28160 27202 26248 25298 24351 23409 22472 21540 20615 19697 18788 17888 17000 16124 15264 14422 13601 12806 12041 11313 10630 10000 9433 8944 8544 8246 8062 8000 8062 8246 8544 8944 9433 10000 10630 11313 12041 12806 13601 14422 15264 16124 17000 17888 18788 19697 20615 21540 22472 23409 24351 25298 26248 27202 28160 29120 30083 31048 32015 32984 33955 34928 
35171 34205 33241 32280 31320 30364 29410 28460 27513 26570 25632 24698 23769 22847 21931 21023 20124 19235 18357 17492 16643 15811 15000 14212 13453 12727 12041 11401 10816 10295 9848 9486 9219 9055 9000 9055 9219 9486 9848 10295 10816 11401 12041 12727 13453 14212 15000 15811 16643 17492 18357 19235 20124 21023 21931 22847 23769 24698 25632 26570 27513 28460 29410 30364 31320 32280 33241 34205 35171 
35440 34481 33526 32572 31622 30675 29732 28792 27856 26925 26000 25079 24166 23259 22360 21470 20591 19723 18867 18027 17204 16401 15620 14866 14142 13453 12806 12206 11661 11180 10770 10440 10198 10049 10000 10049 10198 10440 10770 11180 11661 12206 12806 13453 14142 14866 15620 16401 17204 18027 18867 19723 20591 21470 22360 23259 24166 25079 26000 26925 27856 28792 29732 30675 31622 32572 33526 34481 35440 
